         52
 1983719317
 1474863850
  753566606
-1290463190
   78214139
 1549289494
  981004856
-1569399076
-2002670579
-1665078896
 1525054638
-1428573432
 -681384320
-1566408585
 1141423791
 1803540956
 1467321800
-1695775276
  129985416
   41178804
 1141975666
  -57868725
 -395442371
 -577315822
-1744441569
 -816545695
-1899085712
 1985121519
 1218524553
-1332739082
 -917009542
 -780260230
 -940142848
-1274731249
 1050881604
 1507546049
  -39259220
 -873253428
-1163313477
 -334421586
 -951587375
 -337063330
 -666339681
-1341224751
 1450485413
   86345085
 1932682770
 -242672686
  336863992
 -224026330
 -677965245
 1407728546
 -372836734
 -436941269
 -879259419
 1839993786
  310188611
 1129591771
  562233287
 -501850752
-1275396496
  317041523
 -723146439
 1421187967
 2115443029
-2140477542
 1843304791
-2125047636
 -217232211
 2138477396
 1210277250
-1360061803
 -145359091
 1608354966
-1331662160
-1557893290
  561962602
  -14772018
 1467095994
 1480459945
-1255678260
 1612941023
-1922263361
 -238226327
-1459979305
  463421604
 1165787203
  803825696
-1572211097
   35826454
 -873513812
  379244900
  811667321
  -34298831
   89636772
-1584177767
  764888155
 -133592853
  656206431
  -95648071
  767599246
 1536765043
  -93689388
-1774799058
 -621779185
-1900491723
 1924622739
 -232043692
 -333393427
 -358910234
 -224896026
 -693529488
  399868334
 1736355542
 1165020902
 1202050981
  542488492
 1860114315
 1404739173
 1796482096
-1485664243
 1181142340
-1455033761
 -798291006
-1401412938
 -499756444
-1926064085
 -212547725
    3863083
-2013661332
 1586344472
-1450440563
 1212694812
-1145214569
-1955281101
-1093706879
 -250315479
 1077689002
 2002276735
 1666943470
-1237361335
  294753738
  178834324
  652763193
 -219069443
 -321243649
 -710412169
  595938347
  739114181
 -213943457
  582507977
  163507995
-2081713982
  -51287699
-2074019879
 -995443310
   90322697
 1846264663
  148413484
 2034837412
 1076168966
-1854806599
  132076016
 1192855542
 2013019397
-2066713839
-1433667857
 1753771270
 1800824098
-2125092560
 -504299284
 1302882874
 -155143698
  291606350
 1096223103
  468421190
  708589475
   55041330
-2050427312
  929206254
  428153831
  601563715
 -429911565
  -48961257
 1047119969
 -116192479
  737869297
  -94682060
  119990516
-1913068661
 1801845659
-1807020812
 -925980184
-1821684234
-2037793120
 -349632298
  554675361
  973389340
-2053822141
-1769294204
 2093196814
 1895674806
 1748417591
  302152353
  875654549
-1216300838
 1387362244
 2025752321
-1968648419
 1643624624
  562714466
-2082103836
  125000583
 1978241212
  987960982
  -24932897
-1955779409
   44165943
 -312818544
-1579357660
 1981824915
 1334399259
 -876797638
 1612545501
 -958922734
 1263065648
 -263287777
-1234730146
-1739920097
 -749739773
 -104717544
  952137192
  858219757
 1704277675
 -288658510
 1833991903
 1872686073
  181792070
  -11609134
  629573551
 -302167678
 1304695502
 -595041548
 -697872059
 1633978753
 -606448881
  -48775928
  630163373
 -234100537
-1718658548
-1174281464
  156425710
-1366022565
 1167640723
-1807773834
 1148160420
-1565851590
 1020241385
 -829835336
  821612420
-1870623869
 1453112883
  937234911
-1351713758
  804305074
 -529973307
 1475502809
 -721986255
 -393122858
-1453151720
-1971060988
-1449484028
 1508801721
-2147220658
-1625874230
 1012311865
 -799076365
   11651946
-1675872368
 1757391236
 1208067941
  462600160
-1740827984
  541413358
 -200367035
 1539605675
-1142693449
  525133482
 1221006907
-1465059213
 -687480706
 -347690505
  818097643
 2097593105
  255248866
 1644757408
 1825851282
 -227646102
  180239420
-1495511144
-1958625741
  648076527
-1285919262
 1281598477
-1562606577
  902827386
  130520227
   86249672
  816739126
-1506472737
  710447955
 2048960125
 1532665604
  459694714
 1555582625
-1034222517
  734283256
 1247821593
  343424390
 1554847248
 -740500885
   -5924408
-2069397429
 1335977338
   81092001
-1204637734
-1270922342
  351590778
 -619933971
 -334316925
-1068904722
-1736270000
 -273765238
-1479198163
 1296240442
 1993715431
  751197126
 -735509998
  167329159
 1636238736
 -609155266
-1052713403
 -540590812
 1449846990
 -887234071
 1179554167
 -634351433
  637492074
  624866823
 -432167369
  128995532
 1562080649
   37605727
 -938019847
 -940599910
  330739595
 1196886620
-1781073857
 2030100650
   88998269
-1296281488
-1877476230
 -259000641
 -691019175
-1053765878
 2059732916
-1466957797
  456582843
 1554985054
-1929475896
-2031637767
 -680633775
 -730601358
-1007936994
  474519618
 1422041860
 -445484027
-1021435716
 1165719211
 -487327426
 1220692229
  270622168
-1838995231
 -810371303
  160220188
  216700836
  883849782
 1076444860
-1601844627
  766350158
  937269075
  537623198
 -990062810
  770790270
  953127692
 1193392699
 -839728994
-2072551669
  330586375
  681852307
  684965545
  596170531
 1125590213
  709822076
-1517269623
 1722057357
  843698160
  700603905
-2064918089
 -490959035
-1821697126
 1123263903
 2097899944
 1607730836
 -569480512
 1084956151
 -509211498
 2130710545
 -231239222
 1106085143
 1027540051
 2145745594
  963994240
-1389850992
 1692580687
 2066396998
-1715158508
  602155614
-1881976692
  391583109
 1267285744
 1775266506
 -787971497
 1756160307
  118956640
  905554475
 1495611664
  708983077
-2015607559
 2075374289
-2016006586
-1824095391
-1922783377
 2104370054
-1232785802
 -530073801
  499754969
-1733835370
-1732551032
 1930508510
 1507633485
    8780392
 1681276399
  240832802
 -770821476
  -58282076
-1726203816
  943005173
 -100349802
 -415467557
  157772635
 1751893886
-1382772201
 1512834343
  451321548
 -511181205
 1851469523
-1361852506
 1960045725
  429292177
 2146525335
-1023156683
  127024903
 1141459715
  297129049
-1673930081
  995570857
 -695381071
-1319562303
-1306148004
-1381800478
 1341418827
  585113421
  258224728
 2011808260
 -805226978
 1765400591
   20012097
 -681292406
 -703701185
  983937904
 1213052458
 1602470790
 -569243903
 1926853727
 1770830096
 1389982257
-1301815006
 1184564005
  233939139
 -692412858
-1680270945
-1171648791
-1641957542
-1201235019
-1847588854
 1749218562
  273626817
 -949969437
 1462022829
 2035533976
  799867112
  833426860
 1495866910
  324237042
  952927318
 -651345158
  884830395
 -151005108
 -655797989
 1844797693
  903120224
  119069834
  386785213
 -485513645
 1777286064
 1713791031
-1408121248
  349940268
 1084056012
   91958549
-1350813745
 -389497522
 -536679870
  927926484
 2061126135
   87762462
  300118482
-2146879101
  656196610
-1848961314
  242816810
-1874630023
  165117311
 1954393321
 1350442038
-2103573444
-1905002778
 1538645085
  779062553
 -380299257
   46248548
-1956756200
  497198483
-1679471601
-1127501268
-1758651191
-1349623880
 -359940711
  506503810
-1095707528
  519491349
 1466792428
 -689046493
  728769241
 1936886506
-1486688269
  945550655
-1100307518
  -53285973
  -73139588
  575458667
 -355089365
  143993222
 -395435877
   93528730
-2092239724
-1058669443
 -736220697
 1312494029
 1460164428
 1979058242
-1698363785
  561182853
 2007854841
-1924319928
 1651388450
-1762819036
  261314164
  427661622
 2121774516
 -860981330
 1278338112
   -2660767
 1712934383
  537148552
-1512977564
 1651987224
 2025823684
  523723164
    1532275
 1329668964
-1831867817
  602171840
-1777036165
 -835881006
  800322137
-1910704718
-1941874869
-2104869589
  355271053
  501291894
  574494792
  -10382516
-1802668473
 1358043880
  176612450
 -840112982
  581524930
  -61747849
-1843914671
 -925835250
 -341580535
  803529611
